%YAML:1.0
---
PolygoneRef:
   - [ 10, 10, 70, 10, 70, 70 ]
   - [ 150, 50, 250, 50, 250, 250, 200, 250 ,100,75]
   - [ 300, 100, 350, 100, 350, 150, 300, 150 ]
   - [ 100, 80, 110, 80, 110, 100, 130, 100, 130, 110, 110, 110, 110,
       130, 100, 130, 100, 110, 80, 110, 80, 100, 100, 100 ]
   - [ 300, 300, 500, 300, 600, 400, 600, 500, 500, 600, 300, 600, 200,
       500, 200, 400 ]
